TIES_5:0.08650432224791785
TIES_10:0.08798537528780445
TIES_15:0.07872704264446788
TIES_20:0.08343712660725464
TIES_25:0.08071882106441436
TIES_30:0.08190955670720974
TIES_35:0.08259878007307711
TIES_40:0.07765626268173184
RW_5:0.07008171305227431
RW_10:0.08122590936546883
RW_15:0.07754456657813621
RW_20:0.0745606720533347
RW_25:0.07645870783978687
RW_30:0.07543323374103729
RW_35:0.07363845201117289
RW_40:0.0712026039469732
RN_5:0.06193911614193387
RN_10:0.05489935676361536
RN_15:0.05840568153182214
RN_20:0.06607110480888424
RN_25:0.062165157693053134
RN_30:0.06501227246888476
RN_35:0.06908642170655367
RN_40:0.07026681024008176
RJ_5:0.051315719402242485
RJ_10:0.06475198116084226
RJ_15:0.05927815209464797
RJ_20:0.06032248646137029
RJ_25:0.06730058276739141
RJ_30:0.06256835636493795
RJ_35:0.06557860628574932
RJ_40:0.0673090476358627
RE_5:0.07804998794735474
RE_10:0.07751444405033886
RE_15:0.08300480747219634
RE_20:0.08115764931160888
RE_25:0.082659912945247
RE_30:0.08432437014670684
RE_35:0.07815771870651843
RE_40:0.08119365235612636
ISRW_5:0.07815066412970847
ISRW_10:0.07181993619994143
ISRW_15:0.07599039366051824
ISRW_20:0.0762303051093825
ISRW_25:0.07107566509557756
ISRW_30:0.07584746609429403
ISRW_35:0.07220570304108556
ISRW_40:0.07174573977904616
DFS_5:0.09218388335478131
DFS_10:0.07980770920877772
DFS_15:0.0741749098926448
DFS_20:0.07191182772746997
DFS_25:0.07335977629945767
DFS_30:0.06785190209712716
DFS_35:0.0716600241825136
DFS_40:0.07006002226238398
BFS_5:0.07170914139826061
BFS_10:0.07016705916472356
BFS_15:0.0547946079192265
BFS_20:0.05942631250876136
BFS_25:0.06344549744900864
BFS_30:0.060802446931975965
BFS_35:0.05324563891385155
BFS_40:0.05990944603867329